id;image
1;system
2;Accountability
3;application Intelligent dedicated
4;superstructure
5;Nevada Club generate
6;Car
7;invoice Chair
8;virtual
9;customized Indonesia
10;Regional
